0
0
0
400
400
415
405
415
407
423
400
400
422
422
408
436
444
400
457
433
400
428
446
450
463
425
400
400
465
543
420
492
459
459
495
526
495
495
492
476
427
492
492
463
495
444
537
495
549
481
518
486
495
502
518
495
508
502
492
463
427
526
526
476
441
455
492
486
526
476
481
531
549
448
495
476
444
526
589
486
492
502
495
502
518
492
459
508
508
481
537
508
463
476
470
481
518
508
537
508
508
486
531
481
502
492
455
486
581
502
415
492
518
401
569
486
495
502
508
459
455
459
502
508
435
508
508
486
508
518
502
476
495
486
492
495
508
481
650
476
492
508
476
476
581
481
502
476
0
0
0
400
400
400
456
503
465
481
481
427
527
543
514
450
461
492
503
456
503
495
498
483
461
406
456
539
472
445
454
481
436
454
519
483
454
481
454
454
434
450
454
465
472
456
472
424
472
454
454
465
445
454
450
400
505
463
460
487
463
495
455
428
460
460
400
486
400
514
514
503
486
534
482
492
548
560
485
523
529
553
560
548
534
514
560
548
588
548
553
514
514
523
506
567
523
501
496
418
462
567
534
496
422
438
485
523
514
529
485
480
514
645
529
514
496
434
443
470
506
506
491
470
542
470
491
529
514
485
427
534
496
501
480
506
501
607
514
529
462
534
480
553
443
514
462
491
496
475
462
496
523
475
496
553
485
514
454
534
457
523
548
506
496
475
496
529
514
523
485
422
480
506
496
485
475
485
443
491
514
523
491
514
491
560
506
534
462
491
485
548
523
501
496
496
574
506
534
506
514
480
491
534
470
506
501
514
491
514
534
529
506
475
485
506
496
491
523
506
454
534
485
491
454
491
454
462
462
485
480
491
491
548
485
529
496
448
457
523
506
480
506
457
542
470
480
534
475
457
491
491
501
506
454
491
514
514
491
491
491
457
438
485
529
480
514
491
514
480
529
491
514
501
480
514
534
496
491
448
454
457
475
514
485
470
491
457
454
0
0
0
400
409
427
515
400
488
478
413
475
465
475
425
461
483
433
442
518
465
475
438
461
425
446
552
457
475
446
446
500
425
533
438
465
465
446
442
475
488
433
478
475
400
457
465
552
465
451
465
451
465
500
500
462
480
480
438
438
545
462
488
432
524
457
443
462
462
443
495
451
500
457
515
500
520
457
465
500
545
438
483
462
446
462
457
465
451
413
462
443
451
465
451
500
505
480
495
451
426
533
457
451
505
451
524
483
483
473
480
443
515
500
446
438
488
400
472
536
572
572
566
561
552
561
561
572
578
501
578
605
518
542
552
586
508
665
566
486
523
523
572
665
546
592
552
546
592
650
552
561
561
572
561
546
552
620
464
627
561
599
492
542
572
435
542
572
552
599
611
578
566
706
572
561
578
572
578
611
572
620
572
561
627
605
566
546
529
572
492
599
572
611
523
518
572
586
508
561
552
552
501
605
572
572
561
529
586
578
572
552
552
592
657
546
592
518
508
536
566
592
572
501
578
536
497
566
566
566
586
572
546
542
518
546
552
605
561
578
508
536
523
508
529
552
518
542
586
627
561
572
566
542
561
634
561
561
523
523
546
620
508
586
578
536
450
599
578
561
566
523
592
690
542
536
566
536
552
643
1
0
0
0
400
400
408
413
433
438
438
442
465
408
444
442
426
457
426
454
444
470
462
444
444
772
3305
7582
7992
7813
6070
4415
3287
2754
2176
1667
1467
1098
1008
933
876
828
818
754
655
746
682
701
655
620
620
607
564
551
564
564
521
574
502
521
500
502
476
502
486
531
473
439
500
491
446
454
473
459
422
464
439
462
442
451
451
400
483
521
456
442
446
451
436
403
451
450
475
459
470
426
487
501
0
0
0
400
400
400
400
462
0
0
0
400
411
400
422
447
450
447
400
446
444
492
465
478
478
473
400
493
478
493
493
448
498
548
464
498
483
498
478
548
478
505
488
445
520
518
505
531
418
498
441
518
478
483
488
476
493
520
478
476
531
488
478
502
569
505
502
543
518
505
518
493
543
548
526
556
543
488
502
436
537
502
472
432
476
526
531
537
476
502
493
476
483
505
427
505
518
483
526
441
493
531
518
505
488
493
456
502
478
483
505
454
424
543
520
476
505
526
472
526
456
472
531
483
448
483
531
498
531
456
427
478
575
441
518
472
476
476
594
526
526
464
445
454
483
488
526
478
502
445
493
493
502
483
520
498
569
493
518
464
448
445
526
432
498
476
472
454
476
498
493
472
472
518
498
488
505
441
493
448
464
502
505
498
548
493
493
502
454
460
502
472
472
483
464
472
520
526
478
526
478
518
478
448
493
1107
1313
1639
1345
1299
1281
1147
1231
1007
907
951
804
821
770
754
699
675
877
1413
1580
1499
1330
1060
1007
927
887
840
804
699
671
660
660
675
645
618
505
584
505
526
565
683
502
737
683
1252
1159
1007
951
863
872
927
717
770
780
730
675
631
671
611
584
597
594
618
551
569
631
565
531
584
505
548
478
548
556
575
505
488
556
505
537
520
488
502
548
537
518
787
2839
7992
7992
5399
4290
3010
2440
1816
1621
1498
1259
1118
966
929
800
697
762
653
666
634
632
616
643
586
586
586
543
535
535
526
535
492
553
495
515
515
515
486
521
476
519
497
495
486
480
483
486
519
460
462
495
506
492
476
400
463
485
496
445
496
456
542
505
485
435
482
501
478
465
482
448
485
463
545
496
501
456
470
493
518
496
482
501
496
505
448
478
482
427
501
560
493
505
482
482
478
470
496
485
475
478
496
501
485
501
485
463
488
488
518
520
550
488
520
506
418
488
529
485
518
524
463
506
470
520
488
443
524
529
482
501
475
520
456
465
493
501
478
448
493
485
493
459
488
425
493
475
475
463
445
501
506
482
520
506
520
456
560
505
496
475
485
505
501
506
496
441
452
588
488
496
534
485
482
488
501
505
478
465
445
482
465
