22.86
22.86
22.86
22.86
22.86
22.86
22.86
22.86
22.86
22.86
22.86
22.86
22.86
22.86
22.86
22.86
22.86
22.86
22.86
22.86
22.86
22.86
22.86
22.86
22.94
22.86
22.86
22.94
22.94
22.94
22.86
22.86
22.94
22.86
22.94
22.94
22.86
22.86
22.86
22.86
22.86
22.86
22.86
22.86
22.86
22.86
22.94
22.86
22.86
22.94
22.94
22.94
22.94
22.94
22.94
22.94
22.94
22.94
22.94
22.94
22.94
22.94
22.94
22.94
22.94
22.94
22.94
22.94
22.94
22.94
22.94
22.94
22.94
22.94
22.94
22.94
22.94
22.94
22.94
22.94
22.94
22.94
22.94
22.94
22.94
22.94
22.94
22.94
22.94
22.94
22.94
22.94
23.02
23.02
23.02
23.02
22.94
23.02
23.02
23.02
23.02
23.02
23.02
23.02
23.02
23.02
23.02
23.02
23.02
23.02
23.02
23.02
23.02
23.02
23.02
23.02
23.02
23.02
23.02
23.02
23.02
23.02
23.02
23.02
23.02
23.02
23.02
23.02
23.02
23.02
23.02
23.02
23.02
23.02
23.02
23.02
23.02
23.02
23.02
23.02
23.02
23.02
23.02
23.02
23.02
23.02
23.02
23.02
24.55
24.63
24.63
24.63
24.55
24.63
24.63
24.63
24.63
24.63
24.63
24.63
24.63
24.63
24.63
24.63
24.72
24.72
24.72
24.72
24.72
24.80
24.72
24.72
24.72
24.72
24.72
24.72
24.72
24.72
24.72
24.72
24.80
24.80
24.80
24.80
24.80
24.80
24.80
24.80
24.80
24.80
24.88
24.80
24.88
24.88
24.88
24.88
24.88
24.88
24.80
24.88
24.88
24.88
24.88
24.88
24.88
24.88
24.88
24.88
24.88
24.88
24.88
24.88
24.88
24.88
24.88
24.88
24.88
24.88
24.88
24.88
24.88
24.88
24.88
24.88
24.88
24.88
24.88
24.88
24.88
24.88
24.96
24.88
24.96
24.96
24.96
24.96
24.96
24.96
24.96
24.96
24.96
24.96
24.96
24.96
24.96
24.96
24.96
24.96
24.96
24.96
24.96
24.96
24.96
25.04
24.96
24.96
25.04
25.04
25.04
25.04
25.04
25.04
25.04
25.04
25.04
25.04
25.04
25.04
25.04
25.04
25.04
25.04
25.04
25.04
25.04
25.04
25.12
25.12
25.12
25.04
25.04
25.04
25.04
25.04
25.04
25.12
25.12
25.12
25.04
25.04
25.04
25.04
25.04
25.04
25.04
25.04
25.12
25.04
25.12
25.12
25.12
25.12
25.12
25.04
25.12
25.12
25.12
25.12
25.12
25.12
25.12
25.12
25.12
25.12
25.12
25.12
25.12
25.12
25.12
25.12
25.12
25.12
25.12
25.12
25.12
25.12
25.12
25.12
25.12
25.12
25.12
25.12
25.12
25.12
25.12
25.12
25.12
25.12
25.12
25.12
25.12
25.12
25.12
25.12
25.12
25.12
25.12
25.12
25.12
25.12
25.12
25.12
25.04
25.12
25.04
25.12
25.04
25.04
25.12
25.12
25.12
25.12
25.12
25.04
25.12
25.04
25.04
25.04
25.04
25.04
25.04
25.04
25.04
25.04
25.04
24.96
24.96
24.96
24.96
24.96
24.96
24.96
24.96
24.96
24.96
24.96
24.88
24.88
24.96
24.96
24.96
24.96
24.88
24.96
24.88
24.96
24.96
24.88
24.96
24.96
24.96
24.96
24.88
24.88
24.96
24.96
24.88
24.96
24.96
24.88
24.88
24.88
24.88
24.88
24.88
24.88
24.88
24.88
24.88
24.88
24.88
24.88
24.88
24.88
24.88
24.88
24.88
24.88
24.88
24.88
24.88
24.88
24.88
24.88
24.88
24.88
24.88
23.66
23.66
23.58
23.58
23.58
23.58
23.58
23.58
23.58
23.58
23.58
23.58
23.58
23.58
23.58
23.58
23.58
23.58
23.58
23.58
23.58
23.58
23.58
23.58
23.58
23.58
23.58
23.58
23.58
23.58
23.58
23.58
23.66
23.58
23.58
23.58
23.66
23.66
23.74
23.58
23.58
23.66
23.66
23.66
23.58
23.58
23.58
23.58
23.66
23.66
23.66
23.66
23.66
23.66
23.66
23.66
23.58
23.66
23.66
23.66
23.66
23.66
23.66
23.66
23.58
23.58
23.66
23.58
23.58
23.58
23.66
23.66
23.66
23.66
23.66
23.66
23.66
23.66
23.66
23.66
23.66
23.66
23.66
23.66
23.66
23.66
23.66
23.66
23.66
23.66
23.74
23.66
23.66
23.66
23.66
23.66
23.66
23.66
23.66
23.74
23.66
23.74
23.66
23.66
23.66
23.66
23.66
23.66
23.66
23.66
23.66
23.66
23.66
23.58
23.66
23.66
23.66
23.66
23.66
23.66
23.66
23.66
23.66
23.66
23.66
23.66
23.66
23.66
23.66
23.66
23.66
23.66
23.66
23.66
23.66
23.66
23.66
23.66
23.66
23.66
23.66
23.66
23.66
23.66
23.66
23.66
23.66
23.66
23.66
23.66
23.66
23.66
23.66
23.66
23.66
23.66
23.66
23.66
23.66
23.66
23.74
23.66
23.66
23.74
23.74
23.74
23.74
23.66
23.66
23.66
23.66
23.66
23.66
23.66
23.74
23.66
23.66
23.66
23.66
23.66
23.66
23.66
23.66
23.66
23.66
23.66
23.66
23.58
23.66
23.66
23.66
23.58
23.66
23.66
23.66
23.66
23.66
23.58
23.66
23.58
23.58
23.58
23.58
23.58
23.58
23.58
23.58
23.58
23.58
23.50
23.58
23.58
23.50
23.50
23.50
23.58
23.50
23.50
23.50
23.50
23.50
23.50
23.50
23.50
23.50
23.50
23.50
23.50
23.50
23.50
23.50
23.50
23.50
23.50
23.50
23.50
23.50
23.50
23.50
23.50
23.50
23.50
23.58
23.50
23.50
23.50
23.50
23.50
23.50
23.50
23.50
23.50
23.50
23.50
23.50
23.50
23.50
23.50
23.50
23.50
23.50
23.50
23.50
23.50
23.50
23.50
23.50
23.50
23.50
23.50
23.50
23.50
23.50
23.50
23.50
23.50
23.50
23.50
23.50
23.50
60
23.66
23.66
23.66
23.66
23.66
23.66
23.66
23.66
23.66
23.66
23.66
23.66
23.66
23.66
23.66
23.66
23.66
23.74
23.74
23.74
23.74
23.74
23.66
23.74
23.74
23.74
23.74
23.83
23.91
23.83
23.83
23.83
23.83
23.83
23.83
23.83
23.83
23.83
23.83
23.83
23.91
23.91
23.83
23.91
23.91
23.91
23.91
23.91
23.91
23.91
23.91
23.91
23.91
23.91
23.91
23.91
23.91
23.91
23.91
23.91
23.91
23.91
23.91
23.91
23.91
23.91
23.91
23.91
23.91
23.99
23.99
23.99
23.99
23.99
23.99
23.99
23.99
23.99
23.99
23.99
23.99
23.99
24.07
23.99
23.99
24.07
23.99
23.99
23.99
23.99
24.07
24.07
24.07
24.07
24.07
24.07
24.07
24.47
24.47
24.39
24.47
24.47
24.39
24.47
24.39
24.47
24.47
24.47
24.47
24.47
24.47
24.47
24.47
24.47
24.47
24.47
24.47
24.47
24.47
24.47
24.47
24.47
24.55
24.47
24.47
24.47
24.47
24.47
24.47
24.47
24.47
24.47
24.47
24.47
24.47
24.55
24.47
24.47
24.55
24.47
24.47
24.47
24.47
24.47
24.47
24.47
24.47
24.47
24.47
24.47
24.47
24.47
24.47
24.47
24.47
24.47
24.47
24.47
24.55
24.47
24.47
24.47
24.47
24.47
24.47
24.47
24.47
24.47
24.47
24.47
24.47
24.47
24.47
24.47
24.47
24.47
24.47
24.47
24.47
24.47
24.47
24.47
24.47
24.47
24.47
24.55
24.55
24.47
24.47
24.55
24.55
24.55
24.55
24.55
24.55
24.55
24.55
24.55
24.55
24.55
24.55
24.55
24.55
24.47
24.47
24.55
24.55
24.47
24.55
24.47
24.55
24.55
24.47
24.55
24.55
24.55
24.55
24.47
24.55
24.55
24.55
24.55
24.47
24.47
24.55
24.55
24.55
24.55
24.55
24.47
24.55
24.55
24.55
24.55
24.55
24.55
24.55
24.55
24.55
24.55
24.55
24.55
24.55
24.55
24.55
24.55
24.55
24.63
24.55
24.55
24.63
24.63
24.55
24.55
24.63
24.55
24.63
24.63
24.63
24.63
24.63
24.63
24.63
24.55
24.63
24.55
24.63
24.63
24.63
24.55
24.63
24.63
24.63
24.63
24.63
24.63
24.63
24.63
24.63
24.63
24.63
24.63
24.63
24.63
24.63
24.63
24.72
24.63
24.63
24.63
24.63
24.63
24.63
24.63
24.63
24.63
24.63
24.55
24.72
24.55
24.55
24.55
24.55
24.55
24.55
24.55
24.55
24.55
24.55
24.47
24.55
24.47
24.55
24.55
24.55
24.63
24.55
24.55
24.55
24.55
24.55
24.55
24.63
24.55
24.55
24.63
24.55
24.55
24.55
24.55
24.63
24.55
24.55
24.63
24.55
24.55
24.55
24.55
24.55
24.63
24.55
24.55
24.55
24.63
24.63
24.63
24.63
24.63
24.55
24.55
24.55
24.55
24.55
24.55
24.55
24.55
24.55
24.55
24.55
24.55
24.63
24.63
24.63
24.63
24.63
24.55
24.55
24.55
24.55
24.55
24.55
24.47
24.55
24.47
24.47
24.47
24.47
24.47
24.47
24.47
24.47
24.47
24.47
24.47
24.47
24.47
24.47
24.47
24.47
24.47
24.47
24.55
24.55
24.55
24.55
24.47
24.47
24.47
24.47
24.47
24.47
24.47
24.39
24.39
24.39
24.39
24.39
24.39
24.39
24.39
24.39
24.39
24.39
24.39
24.39
24.39
24.31
24.31
24.31
24.39
24.39
24.39
24.39
24.31
24.31
24.39
24.31
24.31
24.31
24.31
24.31
24.31
24.31
24.31
24.31
24.31
24.31
24.31
24.31
24.31
24.31
24.31
24.31
24.31
24.31
24.31
24.31
24.31
24.31
24.31
24.31
24.23
24.31
24.23
24.31
24.31
24.23
24.23
24.23
24.23
24.23
24.23
24.23
24.23
24.23
24.23
24.23
24.23
24.23
24.23
24.23
24.31
24.23
24.23
24.23
24.23
24.23
24.23
24.15
24.15
24.15
24.23
24.15
24.15
24.15
24.15
24.23
24.15
24.15
24.15
24.15
24.15
24.15
24.15
24.15
24.15
24.15
24.15
24.15
24.15
24.15
24.15
24.15
24.15
24.15
24.15
24.15
24.15
24.15
24.15
24.15
24.15
24.15
24.15
24.15
24.15
24.15
24.15
24.15
24.07
24.07
24.07
24.07
24.07
24.07
24.07
24.07
24.07
24.07
24.07
24.07
23.99
23.99
24.07
23.99
23.99
24.07
23.99
24.07
23.99
23.99
23.99
23.99
23.99
24.07
23.99
23.99
23.99
23.99
24.07
23.99
23.99
23.99
23.99
23.99
23.99
23.99
24.07
23.99
23.99
23.99
23.99
23.99
23.99
23.99
23.99
23.99
23.99
23.99
23.99
23.99
