0
0
0
0
0
2
0
2
1
3
0
0
3
3
1
5
6
0
8
5
0
4
7
7
9
3
0
0
9
21
3
14
8
8
14
19
14
14
14
11
4
14
14
9
14
6
20
14
22
12
17
13
14
15
17
14
16
15
14
9
4
19
19
11
6
8
14
13
19
11
12
19
22
7
14
11
6
19
28
13
14
15
14
15
17
14
8
16
16
12
20
16
9
11
10
12
17
16
20
16
16
13
19
12
15
14
8
13
27
15
2
14
17
0
25
13
14
15
16
8
8
8
15
16
5
16
16
13
16
17
15
11
14
13
14
14
16
12
38
11
14
16
11
11
27
12
15
11
0
0
0
0
0
0
8
15
9
12
12
4
19
21
17
7
9
14
15
8
15
14
14
12
9
0
8
21
10
6
8
12
5
8
18
12
8
12
8
8
5
7
8
9
10
8
10
3
10
8
8
9
6
8
7
0
15
9
9
13
9
14
8
4
9
9
0
13
0
17
17
15
13
20
12
14
22
24
12
18
19
23
24
22
20
17
24
22
28
22
23
17
17
18
16
25
18
15
14
2
9
25
20
14
3
5
12
18
17
19
12
12
17
37
19
17
14
5
6
10
16
16
13
10
21
10
13
19
17
12
4
20
14
15
12
16
15
31
17
19
9
20
12
23
6
17
9
13
14
11
9
14
18
11
14
23
12
17
8
20
8
18
22
16
14
11
14
19
17
18
12
3
12
16
14
12
11
12
6
13
17
18
13
17
13
24
16
20
9
13
12
22
18
15
14
14
26
16
20
16
17
12
13
20
10
16
15
17
13
17
20
19
16
11
12
16
14
13
18
16
8
20
12
13
8
13
8
9
9
12
12
13
13
22
12
19
14
7
8
18
16
12
16
8
21
10
12
20
11
8
13
13
15
16
8
13
17
17
13
13
13
8
5
12
19
12
17
13
17
12
19
13
17
15
12
17
20
14
13
7
8
8
11
17
12
10
13
8
8
0
0
0
0
1
4
17
0
13
11
1
11
9
11
3
9
12
5
6
17
9
11
5
9
3
7
23
8
11
7
7
15
3
20
5
9
9
7
6
11
13
5
11
11
0
8
9
23
9
7
9
7
9
15
15
9
12
12
5
5
22
9
13
4
18
8
6
9
9
6
14
7
15
8
17
15
18
8
9
15
22
5
12
9
7
9
8
9
7
1
9
6
7
9
7
15
15
12
14
7
3
20
8
7
15
7
18
12
12
11
12
6
17
15
7
5
13
0
10
20
26
26
25
24
23
24
24
26
27
15
27
31
17
21
23
28
16
40
25
13
18
18
26
40
22
29
23
22
29
38
23
24
24
26
24
22
23
33
9
34
24
30
14
21
26
5
21
26
23
30
32
27
25
46
26
24
27
26
27
32
26
33
26
24
34
31
25
22
19
26
14
30
26
32
18
17
26
28
16
24
23
23
15
31
26
26
24
19
28
27
26
23
23
29
39
22
29
17
16
20
25
29
26
15
27
20
14
25
25
25
28
26
22
21
17
22
23
31
24
27
16
20
18
16
19
23
17
21
28
34
24
26
25
21
24
35
24
24
18
18
22
33
16
28
27
20
7
30
27
24
25
18
29
44
21
20
25
20
23
37
798
0
0
0
0
0
1
1
5
5
5
6
9
1
6
6
3
8
3
8
6
10
9
6
6
56
442
1094
1156
1129
863
611
439
358
270
193
162
106
92
81
72
65
63
53
38
52
42
45
38
33
33
31
24
23
24
24
18
26
15
18
15
15
11
15
13
19
11
5
15
13
7
8
11
8
3
9
5
9
6
7
7
0
12
18
8
6
7
7
5
0
7
7
11
8
10
3
13
15
0
0
0
0
0
0
0
9
0
0
0
0
1
0
3
7
7
7
0
7
6
14
9
11
11
11
0
14
11
14
14
7
14
22
9
14
12
14
11
22
11
15
13
6
18
17
15
19
2
14
6
17
11
12
13
11
14
18
11
11
19
13
11
15
25
15
15
21
17
15
17
14
21
22
19
23
21
13
15
5
20
15
10
4
11
19
19
20
11
15
14
11
12
15
4
15
17
12
19
6
14
19
17
15
13
14
8
15
11
12
15
8
3
21
18
11
15
19
10
19
8
10
19
12
7
12
19
14
19
8
4
11
26
6
17
10
11
11
29
19
19
9
6
8
12
13
19
11
15
6
14
14
15
12
18
14
25
14
17
9
7
6
19
4
14
11
10
8
11
14
14
10
10
17
14
13
15
6
14
7
9
15
15
14
22
14
14
15
8
9
15
10
10
12
9
10
18
19
11
19
11
17
11
7
14
107
139
188
143
136
134
113
126
92
77
83
61
64
56
53
45
41
72
154
179
167
141
100
92
80
74
67
61
45
41
39
39
41
37
33
15
28
15
19
25
43
15
51
43
129
115
92
83
70
71
80
48
56
57
50
41
35
41
32
28
30
29
33
23
25
35
25
19
28
15
22
11
22
23
26
15
13
23
15
20
18
13
15
22
20
17
58
371
1156
1156
761
592
397
310
215
186
167
130
109
86
80
60
45
55
38
40
35
35
32
37
28
28
28
21
20
20
19
20
14
23
14
17
17
17
13
18
11
18
14
14
13
12
12
13
18
9
9
14
16
14
11
0
9
12
14
6
14
8
21
15
12
5
12
15
11
9
12
7
12
9
22
14
15
8
10
14
17
14
12
15
14
15
7
11
12
4
15
24
14
15
12
12
11
10
14
12
11
11
14
15
12
15
12
9
13
13
17
18
22
13
18
16
2
13
19
12
17
18
9
16
10
18
13
6
18
19
12
15
11
18
8
9
14
15
11
7
14
12
14
8
13
3
14
11
11
9
6
15
16
12
18
16
18
8
24
15
14
11
12
15
15
16
14
6
7
28
13
14
20
12
12
13
15
15
11
9
6
12
9
